  -57
   50
  -31
    5
  -13
  -86
  122
   36
  121
   73
  -57
   29
   25
 -122
  100
  -80
  -84
   93
  -61
  -16
  -94
  -23
  -99
  -59
  -14
   37
   56
   -1
  -31
 -112
   -8
   90
  -14
  -65
  -50
   34
 -117
   30
   -5
   50
   26
   90
  127
  -37
  110
  -73
  -75
 -118
  -11
 -106
   -7
  -35
  114
   84
  -79
   62
  -89
  -74
   87
  -54
 -100
 -103
   78
   44
  106
    1
  -65
    9
   84
  -49
   77
   -8
  -61
   78
   21
  -43
  -44
 -116
  -70
   84
   67
  100
  -57
 -128
   43
   11
  -89
    1
  -20
  124
  -77
   48
 -109
  -29
   25
   52
  -79
   50
  -32
   -3
   -2
   83
  -25
  -28
  -22
  119
 -121
   -2
    2
  106
  -25
  -69
  -40
  -30
  -19
   30
 -123
   19
  -63
   11
  -92
   70
  -58
   96
  -35
  -20
  113
  -78
  -60
   30
   24
    7
   69
   32
  -19
 -112
  115
  -19
   56
   24
   56
  -86
   93
   15
  -58
   55
  -30
   76
   89
  121
